mean: 0.00309
median: 0.00247
standart_deviation: 0.00215
