mean: 0.00108
median: 0.000412
standart_deviation: 0.00277
