LM-EM_mean: 0.00131
LM-EM_median: 0.000624
LM-EM_standart_deviation: 0.00202
MLE-EM_mean: 0.00131
MLE-EM_median: 0.000618
MLE-EM_standart_deviation: 0.00202
