ELM_mean: 0.000473
ELM_median: 0.000187
ELM_standart_deviation: 0.000667
EM_mean: 0.00088
EM_median: 0.000209
EM_standart_deviation: 0.00416
