ELM_mean: 0.00138
ELM_median: 0.00072
ELM_standart_deviation: 0.00228
EM_mean: 0.0792
EM_median: 0.0171
EM_standart_deviation: 0.181
