ELM_mean: 0.00567
ELM_median: 0.0024
ELM_standart_deviation: 0.00827
EM_mean: 0.00567
EM_median: 0.0024
EM_standart_deviation: 0.00826
