LM-EM_mean: 0.00338
LM-EM_median: 0.00289
LM-EM_standart_deviation: 0.00258
MLE-EM_mean: 0.00294
MLE-EM_median: 0.00244
MLE-EM_standart_deviation: 0.00202
