mean: 0.00139
median: 0.000592
standart_deviation: 0.00195
