ELM_mean: 0.00338
ELM_median: 0.00289
ELM_standart_deviation: 0.00258
EM_mean: 0.00309
EM_median: 0.00247
EM_standart_deviation: 0.00215
