ELM_mean: 0.00108
ELM_median: 0.000412
ELM_standart_deviation: 0.00277
EM_mean: 0.0123
EM_median: 0.000423
EM_standart_deviation: 0.0617
