mean: 0.00337
median: 0.00145
standart_deviation: 0.00545
