mean: 0.000473
median: 0.000187
standart_deviation: 0.000667
