LM-EM_mean: 0.0025
LM-EM_median: 0.000978
LM-EM_standart_deviation: 0.00385
MLE-EM_mean: 0.0025
MLE-EM_median: 0.000979
MLE-EM_standart_deviation: 0.00385
