LM-EM_mean: 0.000495
LM-EM_median: 0.000192
LM-EM_standart_deviation: 0.00124
MLE-EM_mean: 0.0198
MLE-EM_median: 0.000189
MLE-EM_standart_deviation: 0.0821
