LM-EM_mean: 0.000623
LM-EM_median: 0.000578
LM-EM_standart_deviation: 0.000473
MLE-EM_mean: 0.0077
MLE-EM_median: 0.000706
MLE-EM_standart_deviation: 0.0249
