ELM_mean: 0.000194
ELM_median: 8.68e-05
ELM_standart_deviation: 0.000325
EM_mean: 0.00904
EM_median: 7.65e-05
EM_standart_deviation: 0.0502
