mean: 0.0025
median: 0.000979
standart_deviation: 0.00385
