mean: 0.00131
median: 0.000618
standart_deviation: 0.00202
