mean: 0.00288
median: 0.00147
standart_deviation: 0.0042
