mean: 0.000623
median: 0.000578
standart_deviation: 0.000473
