LM-EM_mean: 0.00288
LM-EM_median: 0.00107
LM-EM_standart_deviation: 0.00503
MLE-EM_mean: 0.00288
MLE-EM_median: 0.00106
MLE-EM_standart_deviation: 0.00503
