ELM_mean: 0.00131
ELM_median: 0.000624
ELM_standart_deviation: 0.00202
EM_mean: 0.00131
EM_median: 0.000618
EM_standart_deviation: 0.00202
