ELM_mean: 0.000495
ELM_median: 0.000192
ELM_standart_deviation: 0.00124
EM_mean: 0.0198
EM_median: 0.000189
EM_standart_deviation: 0.0821
