mean: 0.00136
median: 0.00117
standart_deviation: 0.00112
