mean: 0.00116
median: 0.000368
standart_deviation: 0.00299
