LM-EM_mean: 0.00108
LM-EM_median: 0.000412
LM-EM_standart_deviation: 0.00277
MLE-EM_mean: 0.0123
MLE-EM_median: 0.000423
MLE-EM_standart_deviation: 0.0617
