mean: 0.00088
median: 0.000209
standart_deviation: 0.00416
