mean: 0.00567
median: 0.0024
standart_deviation: 0.00827
