mean: 0.00115
median: 0.00114
standart_deviation: 0.000814
