mean: 0.00338
median: 0.00289
standart_deviation: 0.00258
