mean: 0.000495
median: 0.000192
standart_deviation: 0.00124
