mean: 0.00138
median: 0.00072
standart_deviation: 0.00228
