LM-EM_mean: 0.00139
LM-EM_median: 0.000594
LM-EM_standart_deviation: 0.00195
MLE-EM_mean: 0.00139
MLE-EM_median: 0.000592
MLE-EM_standart_deviation: 0.00195
