ELM_mean: 0.0025
ELM_median: 0.000978
ELM_standart_deviation: 0.00385
EM_mean: 0.0025
EM_median: 0.000979
EM_standart_deviation: 0.00385
