ELM_mean: 0.00288
ELM_median: 0.00147
ELM_standart_deviation: 0.0042
EM_mean: 0.00288
EM_median: 0.00147
EM_standart_deviation: 0.0042
