mean: 0.00131
median: 0.000624
standart_deviation: 0.00202
