ELM_mean: 0.00858
ELM_median: 0.00374
ELM_standart_deviation: 0.0202
EM_mean: 0.0601
EM_median: 0.0171
EM_standart_deviation: 0.114
