LM-EM_mean: 0.000473
LM-EM_median: 0.000187
LM-EM_standart_deviation: 0.000667
MLE-EM_mean: 0.00088
MLE-EM_median: 0.000209
MLE-EM_standart_deviation: 0.00416
