mean: 0.00798
median: 0.00249
standart_deviation: 0.0227
