ELM_mean: 0.0333
ELM_median: 0.000994
ELM_standart_deviation: 0.655
EM_mean: 0.0131
EM_median: 0.00125
EM_standart_deviation: 0.0603
