ELM_mean: 0.00139
ELM_median: 0.000594
ELM_standart_deviation: 0.00195
EM_mean: 0.00139
EM_median: 0.000592
EM_standart_deviation: 0.00195
