mean: 0.00288
median: 0.00107
standart_deviation: 0.00503
