mean: 0.000194
median: 8.68e-05
standart_deviation: 0.000325
