ELM_mean: 0.000623
ELM_median: 0.000578
ELM_standart_deviation: 0.000473
EM_mean: 0.0077
EM_median: 0.000706
EM_standart_deviation: 0.0249
