LM-EM_mean: 0.00136
LM-EM_median: 0.00117
LM-EM_standart_deviation: 0.00112
MLE-EM_mean: 0.00115
MLE-EM_median: 0.00114
MLE-EM_standart_deviation: 0.000814
