mean: 0.00858
median: 0.00374
standart_deviation: 0.0202
