mean: 0.00294
median: 0.00244
standart_deviation: 0.00202
