ELM_mean: 0.00337
ELM_median: 0.00145
ELM_standart_deviation: 0.00545
EM_mean: 0.0736
EM_median: 0.0184
EM_standart_deviation: 0.166
