ELM_mean: 0.00136
ELM_median: 0.00117
ELM_standart_deviation: 0.00112
EM_mean: 0.00115
EM_median: 0.00114
EM_standart_deviation: 0.000814
